;Francis reversible pump-turbine characteristic FR300T-Torrao a0=1_added
;a0=1 mm added (somehow created according to a0=4 mm and a0=2 mm), a0 closed added
;T11 at a0 closed taken from created a0=1
;Model Francis
;a0max = 38 mm
;y    N11    Q11    T11
<list>
a0	N11	Q11	T11
1	-103.7739821	-1.408189617	1512.340226
1	-103.2937895	-1.39401158	1498.514085
1	-98.15913955	-1.262979415	1375.10041
1	-95.16500895	-1.176175236	1310.981687
1	-92.55662973	-1.087665072	1247.537446
1	-90.10566875	-1.001747822	1181.917253
1	-88.06289025	-0.933975088	1129.44594
1	-86.23936627	-0.858584119	1070.211068
1	-84.52166114	-0.794124788	1019.03087
1	-83.18401295	-0.736752777	971.5939809
1	-81.77914147	-0.665433832	920.6689597
1	-86.08231581	-0.653963973	981.5336087
1	-85.2669752	-0.600422182	942.9622688
1	-84.74806223	-0.544593766	921.7933037
1	-83.09225606	-0.488983618	871.7283302
1	-82.28254023	-0.434757567	829.8008435
1	-81.47783739	-0.385848519	799.3929863
1	-81.18762133	-0.331106589	770.1298616
1	-80.61506192	-0.283708827	747.4851655
1	-79.74383676	-0.2304612	717.1402203
1	-79.00466296	-0.188014557	696.7043746
1	-78.87170365	-0.178969297	691.401063
1	-78.25566002	-0.139372827	674.5031102
1	-77.4090072	-0.09246426	661.9345599
1	-76.39590792	-0.048364403	657.6174119
1	-73.17696551	0.058037423	651.1821831
1	-70.89292572	0.117284848	676.6217301
1	-68.9857662	0.264704008	681.0224097
1	-68.00396128	0.319625626	685.563966
1	-65.77073694	0.383410768	721.4305739
1	-63.58268794	0.42134913	760.073563
1	-58.14727202	0.506389109	820.7436408
1	-49.13084172	0.6099693	945.8675794
1	-41.05700722	0.686003803	1039.834455
1	-36.27516469	0.732949524	1089.004389
1	-27.00332701	0.800660345	1207.397085
1	-22.91096621	0.824198203	1249.737584
1	-18.22727602	0.873107024	1402.909173
1	-11.47558867	0.913719938	1548.371853
1	9.940272163	1.009900241	1692.723106
1	19.70161818	1.048043223	1539.115352
1	30.17164764	1.08933132	1499.481277
1	39.80095649	1.126756961	1476.565987
1	49.99986138	1.160309117	1439.308809
1	60.03132533	1.186432066	1392.076694
1	62.47687804	1.193462152	1382.650709
1	65.0074328	1.191244764	1341.129
1	67.52694828	1.200121555	1334.101025
1	69.92330656	1.198455231	1301.201351
1	72.39904587	1.198715741	1261.256379
1	74.96532384	1.205021456	1239.462531
1	77.4461599	1.206070722	1208.837378
1	79.04031073	1.208348549	1190.288489
1	80.49750817	1.210322149	1173.922685
1	81.98398928	1.211736492	1157.389192
1	83.57829641	1.213037778	1140.345266
1	85.01074825	1.215643229	1124.466198
1	86.59713007	1.217881877	1108.289745
1	87.99315817	1.221770766	1097.449441
1	89.398768	1.222733833	1081.806848
1	91.07898465	1.227104429	1064.02342
1	92.67348918	1.229761972	1050.248664
1	94.95475851	1.236055171	1030.796759
1	97.55949115	1.241706173	1008.606512
1	100.0093364	1.247794036	987.6229806
1	102.3861292	1.254237661	968.2576154
1	104.8429717	1.262905592	949.8852102
1	107.5761052	1.268003232	922.1275937
1	110.0403025	1.275042911	895.0196192
1	112.3447187	1.279519661	863.8256538
1	115.0895784	1.282265262	817.9720854
1	117.7452601	1.284546324	773.7582356
1	120.1095717	1.286092999	731.0223922
1	122.501318	1.284159179	682.6703517
1	125.227941	1.282962433	616.1760606
1	127.2853548	1.267724934	527.0683499
1	130.1421062	1.206044535	264.0930128
1	132.4775399	1.15514659	82.49632973
1	133.4310204	1.125820602	-1.914786107
1	134.8623203	1.053170104	-175.1175342
1	135.383326	0.978620686	-310.587165
1	135.3397485	0.885013268	-455.8900753
1	133.6860222	0.721282175	-649.0590745
1	126.101979	0.352276548	-911.2691382
1	113.4654763	-0.017647559	-834.3108637
1	113.0333851	-0.037851699	-894.1586954
1	112.3721548	-0.073965495	-944.2481992
1	111.9874413	-0.091773748	-966.0074674
1	111.4537991	-0.123975239	-1009.94988
1	110.9654857	-0.151819322	-1051.004713
1	110.6412353	-0.170863321	-1079.143141
1	110.2085578	-0.214240068	-1158.809565
1	110.2501674	-0.225623791	-1188.05
0.947368421	-103.7630188	-1.408744912	1506.149757
0.947368421	-102.7060279	-1.386145987	1479.938198
0.947368421	-97.73562653	-1.263081029	1364.862871
0.947368421	-94.47023532	-1.163542564	1288.944748
0.947368421	-91.98247752	-1.08192933	1229.156231
0.947368421	-89.56763122	-0.998038882	1168.172798
0.947368421	-87.53303454	-0.922692697	1110.869085
0.947368421	-85.76960911	-0.85693925	1059.737142
0.947368421	-83.87965143	-0.7852133	1000.723938
0.947368421	-82.57008323	-0.729280068	955.6261697
0.947368421	-81.47386756	-0.660515732	904.8768655
0.947368421	-85.59567728	-0.651882714	971.7913977
0.947368421	-85.06511588	-0.602175296	940.3693206
0.947368421	-84.50826511	-0.54259973	917.0936879
0.947368421	-82.84058618	-0.486795724	863.8048476
0.947368421	-82.04659613	-0.433446132	824.8446095
0.947368421	-81.3532008	-0.37880158	789.5727154
0.947368421	-80.92690599	-0.331092718	763.9438073
0.947368421	-80.40368179	-0.281499235	742.4761086
0.947368421	-79.60463643	-0.233032927	717.4435537
0.947368421	-78.75462392	-0.18292795	691.1920471
0.947368421	-77.96309454	-0.132983763	669.0757401
0.947368421	-77.05682672	-0.087777048	657.2516696
0.947368421	-76.24363799	-0.047380913	654.0957202
0.947368421	-73.0272997	0.055661864	648.3671045
0.947368421	-68.3070962	0.297697885	684.611822
0.947368421	-63.43982714	0.417410032	756.4787284
0.947368421	-55.58190648	0.529404082	861.164387
0.947368421	-48.04140166	0.614508502	962.3628779
0.947368421	-40.32412867	0.687387348	1052.725535
0.947368421	-30.44431171	0.764765201	1172.342954
0.947368421	-24.65536151	0.802154723	1237.817842
0.947368421	-17.32473911	0.864209016	1416.562397
0.947368421	-10.42439731	0.90370775	1579.631398
0.947368421	9.916846635	0.991071975	1690.481555
0.947368421	20.1153254	1.030472551	1535.232773
0.947368421	30.05953601	1.066766078	1495.996705
0.947368421	39.97786207	1.102559032	1467.97451
0.947368421	50.24877015	1.133655483	1424.163278
0.947368421	60.07514377	1.160711815	1390.903766
0.947368421	62.59608403	1.161864666	1365.997969
0.947368421	64.99131871	1.16410137	1335.568199
0.947368421	67.58904679	1.166446927	1309.137987
0.947368421	70.11213029	1.170238606	1285.525707
0.947368421	72.41169793	1.17163842	1257.848717
0.947368421	74.82554732	1.173988214	1227.897104
0.947368421	77.39346062	1.175133706	1196.818152
0.947368421	78.90465194	1.176298701	1178.224322
0.947368421	80.40312562	1.178828187	1165.874172
0.947368421	82.08362448	1.17968899	1146.436412
0.947368421	83.43439947	1.182811234	1134.504459
0.947368421	85.15749655	1.184180025	1113.315124
0.947368421	86.26844853	1.185808621	1101.34595
0.947368421	87.98442661	1.189021161	1083.245723
0.947368421	89.48464342	1.190654752	1068.406649
0.947368421	90.99087355	1.193221573	1053.803032
0.947368421	92.36139425	1.196570546	1040.815659
0.947368421	94.99677731	1.201565136	1018.169375
0.947368421	97.53743225	1.207253008	995.0988679
0.947368421	100.0341133	1.21250445	974.0474239
0.947368421	102.7184784	1.220178337	950.9085216
0.947368421	104.8996405	1.224729273	928.7786757
0.947368421	107.4219371	1.229496851	904.5463813
0.947368421	109.9675717	1.235934336	873.8673277
0.947368421	112.4877714	1.238271329	837.0345524
0.947368421	115.0677925	1.240798817	794.283479
0.947368421	117.6322083	1.239841316	745.2768896
0.947368421	120.2537611	1.236809714	685.7249282
0.947368421	122.7074741	1.232666534	629.9994042
0.947368421	124.8101858	1.205580304	497.2549097
0.947368421	127.1562656	1.143670584	266.4856374
0.947368421	130.0938723	1.058124757	4.57404074
0.947368421	131.7721359	0.930100749	-258.3478289
0.947368421	131.7013045	0.867283821	-357.75624
0.947368421	131.6141207	0.820374618	-422.332782
0.947368421	131.58313	0.769832203	-488.3045539
0.947368421	130.7797204	0.713889269	-551.4069787
0.947368421	128.8972079	0.580863362	-686.6991595
0.947368421	112.4382195	-0.015068896	-782.9472005
0.947368421	111.6965322	-0.047794494	-865.7669754
0.947368421	111.0983203	-0.082636871	-914.8599459
0.947368421	110.3763775	-0.128019639	-978.9082839
0.947368421	109.9606336	-0.150627308	-1013.259043
0.947368421	109.6070865	-0.174618558	-1051.484974
0.947368421	109.3800472	-0.207935725	-1117.131858
0.947368421	109.4439684	-0.225890686	-1158.915485
0.894736842	-103.5484178	-1.409966518	1505.593993
0.894736842	-101.9886224	-1.372299499	1465.019696
0.894736842	-97.48753575	-1.262165741	1359.057655
0.894736842	-94.19973524	-1.165160007	1282.521518
0.894736842	-91.51301103	-1.07792289	1216.752123
0.894736842	-89.09406336	-0.996903829	1159.000082
0.894736842	-87.05670115	-0.919373423	1100.656402
0.894736842	-85.18889834	-0.852788566	1047.593457
0.894736842	-83.47795406	-0.784923155	993.4048058
0.894736842	-82.04836465	-0.721939152	943.437372
0.894736842	-81.28258047	-0.664624075	903.4103108
0.894736842	-85.35463676	-0.651257542	962.8174829
0.894736842	-84.65197102	-0.594570905	926.6477434
0.894736842	-84.4104178	-0.544255498	905.9181786
0.894736842	-82.66715024	-0.484998955	860.4538655
0.894736842	-81.83469593	-0.430278478	819.5431027
0.894736842	-81.08405069	-0.379400951	785.6255758
0.894736842	-80.67150333	-0.329436772	757.2004618
0.894736842	-80.18151168	-0.285297635	739.2414947
0.894736842	-79.39958862	-0.233754193	713.4009366
0.894736842	-78.58589902	-0.181626989	686.5254641
0.894736842	-77.80433333	-0.135519224	666.6314123
0.894736842	-76.89414816	-0.089753837	652.9999496
0.894736842	-75.97548594	-0.043476652	651.71563
0.894736842	-72.96573264	0.054582767	646.1680259
0.894736842	-69.37875153	0.154243556	687.3536362
0.894736842	-67.99112178	0.299050537	687.7528572
0.894736842	-63.68191484	0.409210961	755.8524418
0.894736842	-57.4498157	0.501823352	835.6027721
0.894736842	-48.55294567	0.598469475	951.7764112
0.894736842	-37.63807334	0.705374796	1084.92967
0.894736842	-28.47884397	0.765642527	1203.320444
0.894736842	-22.76355112	0.802169564	1267.210144
0.894736842	-17.79771655	0.845967714	1411.752886
0.894736842	-10.17185514	0.887635383	1581.809222
0.894736842	9.724423176	0.972035583	1693.607027
0.894736842	19.98055729	1.008825234	1533.338092
0.894736842	30.06356063	1.043376587	1487.792683
0.894736842	40.26753062	1.079416491	1460.930826
0.894736842	49.98801718	1.104252398	1413.721901
0.894736842	60.31470714	1.135060088	1385.460901
0.894736842	62.62970919	1.134032025	1355.851577
0.894736842	64.84681269	1.136474101	1332.899696
0.894736842	67.56370596	1.137934799	1303.796786
0.894736842	69.82919079	1.140676921	1282.038544
0.894736842	72.6686998	1.142378163	1245.093724
0.894736842	74.99152784	1.143142402	1215.805713
0.894736842	77.50766999	1.143514425	1183.362931
0.894736842	78.92030231	1.144847335	1166.578133
0.894736842	80.66197108	1.148241585	1151.944673
0.894736842	81.96447193	1.149055958	1135.863264
0.894736842	83.54244991	1.149154342	1116.09564
0.894736842	85.11491668	1.15185519	1099.295745
0.894736842	86.49514964	1.153263902	1084.036693
0.894736842	88.17461219	1.154646947	1067.25274
0.894736842	89.65393735	1.157708106	1052.779689
0.894736842	90.97074237	1.159662777	1040.438
0.894736842	92.57562865	1.162306107	1025.67838
0.894736842	95.16555387	1.166151496	1000.896364
0.894736842	97.71526551	1.173109055	978.0412717
0.894736842	100.0660448	1.175593159	955.035918
0.894736842	102.338075	1.179787702	932.900009
0.894736842	104.9137996	1.18514888	907.159943
0.894736842	107.4979121	1.190277738	878.3730251
0.894736842	110.1234987	1.193687818	843.9314128
0.894736842	112.3794443	1.194290404	804.5921567
0.894736842	115.0866213	1.191191402	750.4798649
0.894736842	117.6462573	1.189829301	697.6415779
0.894736842	120.0565695	1.183990758	641.4373694
0.894736842	122.5598835	1.164889305	531.6922411
0.894736842	124.8875166	1.088985051	263.8959178
0.894736842	127.2185022	0.98557883	-10.50569924
0.894736842	128.1858275	0.9131829	-158.2938824
0.894736842	128.4834126	0.835028678	-288.9379358
0.894736842	128.2730509	0.759894711	-394.6600725
0.894736842	128.2747742	0.723707789	-441.4681556
0.894736842	127.4717162	0.65586948	-524.0833845
0.894736842	121.5762375	0.344476592	-760.7342649
0.894736842	111.376322	-0.014176816	-748.0919268
0.894736842	110.8881802	-0.039799021	-819.7034191
0.894736842	110.4685902	-0.063769121	-853.8072167
0.894736842	109.9321251	-0.088759886	-887.5677897
0.894736842	109.5424185	-0.112789452	-922.0619166
0.894736842	109.0217928	-0.144078663	-968.8194628
0.894736842	108.6393365	-0.167333534	-1006.303071
0.894736842	108.4644248	-0.210016509	-1092.551639
0.894736842	108.5336433	-0.224027115	-1129.107363
0.842105263	-104.1521584	-1.422248072	1515.810171
0.842105263	-102.3719417	-1.384225405	1476.404517
0.842105263	-97.31627974	-1.258787241	1355.130182
0.842105263	-93.84596311	-1.156146061	1270.39025
0.842105263	-91.10493285	-1.072033788	1208.405974
0.842105263	-88.56241369	-0.989045667	1144.439574
0.842105263	-86.44171842	-0.912979357	1085.084669
0.842105263	-84.56266458	-0.844920747	1031.842337
0.842105263	-82.8769554	-0.777023419	979.3392098
0.842105263	-81.65028304	-0.715382412	932.4131456
0.842105263	-81.05273978	-0.665205519	899.8255246
0.842105263	-85.02669743	-0.650188233	955.6867069
0.842105263	-84.50915736	-0.59494935	924.1700792
0.842105263	-84.1888534	-0.544140835	908.0358717
0.842105263	-82.51471866	-0.48482757	857.0258186
0.842105263	-81.7663933	-0.434364767	819.5857241
0.842105263	-80.75217382	-0.376121925	780.9287962
0.842105263	-80.48654724	-0.330450557	753.0387108
0.842105263	-80.06705715	-0.28673663	734.8420051
0.842105263	-79.28433767	-0.233564402	708.9635979
0.842105263	-78.46342911	-0.187765455	685.7677707
0.842105263	-77.68724752	-0.140559355	665.5170849
0.842105263	-76.78182788	-0.091562386	651.4868945
0.842105263	-75.90509531	-0.046009385	648.909168
0.842105263	-72.99865729	0.048733908	641.7901116
0.842105263	-70.28920679	0.12255091	671.5651945
0.842105263	-67.89409454	0.29465238	688.0640435
0.842105263	-64.05870949	0.398668177	748.1361682
0.842105263	-56.93185291	0.501322681	843.6172691
0.842105263	-47.6758329	0.598725952	962.8953829
0.842105263	-38.15144378	0.690756332	1084.352782
0.842105263	-28.69774069	0.751941787	1201.361862
0.842105263	-22.25678693	0.791790047	1284.115404
0.842105263	-15.71985119	0.84064481	1442.898149
0.842105263	-10.24297974	0.867987063	1569.754817
0.842105263	9.952494721	0.950476833	1675.513625
0.842105263	19.99611176	0.987605879	1528.143678
0.842105263	30.15682834	1.017524927	1479.476773
0.842105263	40.27903387	1.05058665	1448.531697
0.842105263	49.88202208	1.073059713	1396.982869
0.842105263	59.94528568	1.104526683	1379.114
0.842105263	62.57578545	1.102597545	1343.574274
0.842105263	65.16205341	1.107990711	1323.136127
0.842105263	67.4941387	1.110360142	1298.707362
0.842105263	69.95810048	1.109010912	1264.691843
0.842105263	72.5694971	1.108942783	1228.75201
0.842105263	75.06947297	1.109558631	1195.461841
0.842105263	77.41246191	1.109089737	1165.731755
0.842105263	78.9270295	1.110453126	1147.432412
0.842105263	80.50555918	1.111300946	1132.277937
0.842105263	82.02060745	1.114061786	1115.97918
0.842105263	83.57489116	1.115500859	1097.773388
0.842105263	85.00830899	1.116172433	1081.642382
0.842105263	86.49984115	1.118785856	1066.66936
0.842105263	88.0576764	1.11889995	1050.942365
0.842105263	89.52707195	1.121771209	1036.14229
0.842105263	90.97557132	1.123210059	1021.423634
0.842105263	92.47687427	1.125077486	1006.740477
0.842105263	95.1464372	1.129425421	980.9505431
0.842105263	97.44388529	1.132282789	957.2545157
0.842105263	99.886152	1.135653326	931.8290901
0.842105263	102.6205752	1.139802394	903.7138248
0.842105263	104.9692788	1.143200901	877.8378122
0.842105263	107.68401	1.144756056	838.638277
0.842105263	109.8870995	1.14511462	801.4187607
0.842105263	112.5506675	1.142089682	747.4042521
0.842105263	114.9264356	1.138444759	697.2668764
0.842105263	117.5273429	1.134750893	644.0638375
0.842105263	119.8572893	1.128920743	587.5068616
0.842105263	122.181764	1.04509815	291.4283034
0.842105263	124.2923333	0.940033949	22.27515783
0.842105263	125.3379299	0.800921471	-230.9077365
0.842105263	125.2797577	0.702821434	-370.4830544
0.842105263	124.6004878	0.624315936	-477.6126087
0.842105263	124.0028468	0.584578817	-508.6300077
0.842105263	117.2354602	0.237258222	-734.9267859
0.842105263	110.4862656	-0.014995141	-728.3732388
0.842105263	109.8979547	-0.041299641	-792.854658
0.842105263	109.4771895	-0.066576059	-829.9679824
0.842105263	108.8841615	-0.094803756	-867.8290174
0.842105263	108.2026476	-0.129506318	-916.1066251
0.842105263	107.7594556	-0.153319814	-951.6832933
0.842105263	107.4291891	-0.17748399	-991.8999086
0.842105263	107.3206584	-0.191605978	-1020.890274
0.842105263	107.3717344	-0.209958279	-1063.506227
0.842105263	107.5794987	-0.225278586	-1104.760204
0.789473684	-103.7527766	-1.415169019	1522.001509
0.789473684	-102.0665425	-1.376517627	1465.865848
0.789473684	-97.19060489	-1.25378187	1350.37655
0.789473684	-93.88904594	-1.159429065	1276.994475
0.789473684	-90.98424693	-1.065082117	1200.854287
0.789473684	-88.23851616	-0.981823953	1143.340487
0.789473684	-86.08176957	-0.912131509	1085.018408
0.789473684	-83.91963117	-0.833282403	1019.659483
0.789473684	-82.42596815	-0.772460023	972.8392613
0.789473684	-81.34793303	-0.715839127	934.3505384
0.789473684	-80.64756895	-0.65848844	896.8537251
0.789473684	-84.80713618	-0.648021328	949.7551853
0.789473684	-84.3090981	-0.596306924	920.5967468
0.789473684	-83.83969614	-0.538877534	898.9812541
0.789473684	-82.41487446	-0.48608687	855.0788023
0.789473684	-81.50880331	-0.429540504	812.2432999
0.789473684	-80.65955532	-0.377350061	777.2794696
0.789473684	-80.29674258	-0.333473446	749.4257638
0.789473684	-79.73161954	-0.280842157	726.0568753
0.789473684	-79.04781723	-0.234651969	704.0651203
0.789473684	-78.18545013	-0.182837107	678.1865577
0.789473684	-77.46417731	-0.136702809	659.2276242
0.789473684	-76.6333863	-0.090521265	647.2053253
0.789473684	-75.76905967	-0.044666056	646.5210757
0.789473684	-72.78962988	0.050147792	640.0092614
0.789473684	-69.5515155	0.144511295	675.3421088
0.789473684	-67.57267971	0.299014953	690.6698855
0.789473684	-63.36179607	0.402002537	756.4797804
0.789473684	-56.48447996	0.499110168	848.5273296
0.789473684	-47.19656405	0.59607558	969.7214033
0.789473684	-40.20275669	0.66295705	1062.782433
0.789473684	-32.59905668	0.71382161	1153.005463
0.789473684	-25.85581524	0.754325175	1241.846826
0.789473684	-17.67076608	0.81183128	1407.225724
0.789473684	-10.50853333	0.845102855	1552.033428
0.789473684	9.946159727	0.92765791	1664.924423
0.789473684	20.31443927	0.962383523	1515.897741
0.789473684	30.21224808	0.989770494	1465.901293
0.789473684	40.14924143	1.018106855	1431.834253
0.789473684	50.3220994	1.039858686	1371.364698
0.789473684	60.16601094	1.070102846	1356.358848
0.789473684	62.51735415	1.072740204	1333.177366
0.789473684	64.91014775	1.073979375	1309.048759
0.789473684	67.41683178	1.075327619	1280.651261
0.789473684	70.05949803	1.073337082	1242.860652
0.789473684	72.56634707	1.07374985	1209.320902
0.789473684	74.98544406	1.073951059	1176.038613
0.789473684	77.51706732	1.073119959	1142.378811
0.789473684	79.1478548	1.073381568	1121.848255
0.789473684	80.53432854	1.074756457	1109.138519
0.789473684	82.03071991	1.076483115	1093.046645
0.789473684	83.44076256	1.078941255	1077.497785
0.789473684	84.92190522	1.078248206	1061.388617
0.789473684	86.50732728	1.079987782	1044.479873
0.789473684	88.05013864	1.081913709	1028.147293
0.789473684	89.45828625	1.083157839	1013.060999
0.789473684	90.97245706	1.084645282	997.5056967
0.789473684	92.47660643	1.085902461	981.1783956
0.789473684	95.10037359	1.08755484	953.3823349
0.789473684	97.46813864	1.090186961	927.5295776
0.789473684	100.1285612	1.093507682	898.4186778
0.789473684	102.4282831	1.093170164	865.9617629
0.789473684	104.9986516	1.093564291	830.1267595
0.789473684	107.638072	1.091157287	781.1761134
0.789473684	109.7551997	1.089821319	742.3487447
0.789473684	112.5808792	1.087169954	690.7001537
0.789473684	114.9352297	1.085399481	647.993329
0.789473684	117.465996	1.081174293	594.0822906
0.789473684	120.0746944	0.975260187	250.6433632
0.789473684	121.7632997	0.861628439	-10.40941244
0.789473684	122.2250099	0.710800863	-255.9264261
0.789473684	122.2001367	0.665891211	-322.2001387
0.789473684	122.1427072	0.613256098	-394.8611188
0.789473684	114.7867253	0.200392626	-767.3831423
0.789473684	109.5394966	-0.014351911	-703.3223413
0.789473684	109.3260148	-0.025533951	-739.7674069
0.789473684	108.8437481	-0.051165686	-785.0986092
0.789473684	108.481391	-0.068540475	-807.7450857
0.789473684	108.2408945	-0.081769957	-826.7018409
0.789473684	107.817343	-0.100331269	-850.7750431
0.789473684	107.2107294	-0.127363097	-885.4472477
0.789473684	106.9340999	-0.140093324	-904.4227179
0.789473684	106.3267406	-0.168079162	-944.9657058
0.789473684	106.1559492	-0.202115993	-1014.322824
0.789473684	106.4065204	-0.223804198	-1072.763089
0.736842105	-103.9688872	-1.418012414	1520.521963
0.736842105	-102.699504	-1.386895634	1487.263596
0.736842105	-97.47756481	-1.259532233	1362.670933
0.736842105	-93.98865133	-1.159209058	1279.347939
0.736842105	-91.29951931	-1.077182989	1214.421042
0.736842105	-88.22930972	-0.985482362	1142.56728
0.736842105	-85.9635513	-0.910318665	1077.281133
0.736842105	-83.75113951	-0.838005751	1015.796456
0.736842105	-81.96790951	-0.773246464	960.7561306
0.736842105	-82.02640948	-0.771079428	961.3742122
0.736842105	-81.36737268	-0.727000555	933.7519098
0.736842105	-81.13165824	-0.710032599	923.2309204
0.736842105	-80.79060052	-0.666282607	894.6889542
0.736842105	-80.3358806	-0.64541979	878.7435723
0.736842105	-84.57626709	-0.670073302	953.2245163
0.736842105	-84.51417548	-0.644376931	941.4335922
0.736842105	-84.03550781	-0.593185613	912.3244447
0.736842105	-83.64999861	-0.536859669	894.1886223
0.736842105	-82.06310399	-0.480685984	847.1526226
0.736842105	-81.30371312	-0.427327142	807.8538582
0.736842105	-80.52053407	-0.379435033	773.6924317
0.736842105	-80.08850853	-0.328174062	741.2890398
0.736842105	-79.5321894	-0.27763768	718.39049
0.736842105	-78.83924894	-0.232667936	698.0538695
0.736842105	-78.62268807	-0.221002706	691.88149
0.736842105	-78.008355	-0.182250317	673.8527503
0.736842105	-77.25094245	-0.13538164	654.112622
0.736842105	-76.4946542	-0.09007829	643.2266825
0.736842105	-75.54504439	-0.041887694	643.6115094
0.736842105	-72.63844839	0.050656121	638.1079362
0.736842105	-70.04913327	0.123188866	663.9275058
0.736842105	-67.32711868	0.30281061	690.2873189
0.736842105	-63.49615435	0.39753928	752.6256843
0.736842105	-55.5197866	0.503141093	860.6261048
0.736842105	-45.32396458	0.60739751	994.3168704
0.736842105	-33.96064771	0.691338248	1135.448138
0.736842105	-25.42273593	0.738147396	1243.371995
0.736842105	-18.52520483	0.780554072	1353.036878
0.736842105	-10.8799348863	0.810404628	1531.21134043
0.736842105	9.955664273	0.899974255	1648.128602
0.736842105	20.29445316	0.931357931	1502.835025
0.736842105	29.9765919	0.955191662	1447.648743
0.736842105	40.25852789	0.979345894	1403.496626
0.736842105	49.72135866	0.998900695	1347.968682
0.736842105	59.82490206	1.023056916	1309.730983
0.736842105	62.40542033	1.034727795	1312.535335
0.736842105	65.049609	1.035849191	1285.983216
0.736842105	67.52980091	1.037722461	1256.334049
0.736842105	69.98744009	1.035769778	1221.296913
0.736842105	72.57080784	1.034943452	1184.720473
0.736842105	75.03498404	1.032972139	1150.205712
0.736842105	77.52446165	1.032753135	1117.664908
0.736842105	78.97353513	1.034359467	1101.905626
0.736842105	80.55653511	1.035514672	1083.875597
0.736842105	81.90052055	1.035500145	1068.543298
0.736842105	83.53994653	1.035616894	1048.938115
0.736842105	84.94613829	1.036288636	1032.810446
0.736842105	86.51668166	1.037616968	1016.404611
0.736842105	87.95401225	1.037798123	999.8437273
0.736842105	89.56969442	1.038834107	981.1604736
0.736842105	91.01494297	1.039002941	964.7993588
0.736842105	92.51987555	1.039204076	946.7775218
0.736842105	95.03808215	1.04081139	918.0867276
0.736842105	97.409987	1.039398914	884.5766106
0.736842105	100.0901428	1.038827183	844.6955983
0.736842105	102.5887435	1.035593776	802.3266271
0.736842105	104.9734648	1.034522107	766.2736558
0.736842105	107.577856	1.034442999	725.031271
0.736842105	109.8758981	1.030660842	680.8802471
0.736842105	112.4422071	1.031934751	645.0375981
0.736842105	115.0210279	1.030501409	597.43168
0.736842105	116.09287	0.957380827	366.158584
0.736842105	118.1253813	0.902883059	205.8894365
0.736842105	118.5798802	0.790090239	-17.504805
0.736842105	119.011215	0.677866549	-201.0857909
0.736842105	117.0577674	0.432781371	-491.7084912
0.736842105	108.3830463	-0.014823435	-681.8881556
0.736842105	108.0879231	-0.031837466	-726.5298444
0.736842105	107.5237629	-0.056267122	-761.5027844
0.736842105	106.9723311	-0.083219909	-796.7776779
0.736842105	106.2882992	-0.109010117	-828.6242149
0.736842105	105.0864841	-0.156636345	-893.2151763
0.736842105	104.8252591	-0.169158671	-912.2466144
0.736842105	104.7056811	-0.18321211	-939.6729578
0.736842105	104.9876267	-0.216584594	-1023.17909
0.736842105	105.1810809	-0.225213664	-1048.976676
0.684210526	-104.045067	-1.419193562	1521.097467
0.684210526	-102.5235802	-1.381538207	1478.967143
0.684210526	-97.69941812	-1.262633755	1364.879398
0.684210526	-94.17924896	-1.164674711	1286.673929
0.684210526	-91.06257758	-1.067450329	1206.813458
0.684210526	-88.38383338	-0.98843561	1147.032356
0.684210526	-88.12305563	-0.978418106	1134.34821
0.684210526	-85.84153397	-0.90882287	1075.487299
0.684210526	-83.47625846	-0.829299538	1005.271498
0.684210526	-81.69119368	-0.767438115	954.5342167
0.684210526	-81.0312766115	-0.707639108	922.371831358
0.684210526	-80.8475649709	-0.695832913	910.691321206
0.684210526	-80.62673341	-0.665923976	891.3635512
0.684210526	-80.34022187	-0.657007867	887.6354674
0.684210526	-80.1073245877	-0.634037764	874.275613086
0.684210526	-79.8089463	-0.618303993	858.1210639
0.684210526	-84.61651825	-0.674182403	952.8028975
0.684210526	-84.37272249	-0.640637137	937.50412
0.684210526	-83.80128523	-0.588581483	905.1046185
0.684210526	-83.37435061	-0.535155827	876.9283214
0.684210526	-81.92725453	-0.481227519	844.4064159
0.684210526	-81.05104503	-0.427296965	805.3086189
0.684210526	-80.31715134	-0.37846612	773.2943571
0.684210526	-79.68808785	-0.342553701	743.8923621
0.684210526	-79.89881759	-0.329070951	739.7783496
0.684210526	-79.38140824	-0.278608156	714.9578743
0.684210526	-78.65378453	-0.232681925	693.1956917
0.684210526	-78.47041704	-0.220715107	687.4903248
0.684210526	-77.78840826	-0.180923184	667.1757935
0.684210526	-77.13415263	-0.136121396	647.8943081
0.684210526	-76.31816813	-0.090382878	637.5312869
0.684210526	-75.44826507	-0.044242661	638.125008
0.684210526	-72.37746724	0.049404856	632.3821435
0.684210526	-67.70430466	0.267737345	678.6308432
0.684210526	-67.10231169	0.298502653	684.9933221
0.684210526	-62.81957009	0.39805961	750.3460255
0.684210526	-55.2706653	0.496956988	851.4123839
0.684210526	-45.42750733	0.59174546	984.2617735
0.684210526	-30.60021976	0.685756379	1166.465687
0.684210526	-23.47192354	0.723284106	1260.293239
0.684210526	-18.12638349	0.753239011	1341.897713
0.684210526	-11.12599637	0.791293371	1518.847778
0.684210526	10.12555123	0.86594556	1627.021588
0.684210526	20.1630719	0.894658518	1486.268933
0.684210526	30.01975083	0.916482715	1425.462988
0.684210526	40.30421671	0.93618937	1372.980609
0.684210526	49.99159075	0.952998786	1312.688498
0.684210526	59.85102806	0.971970305	1256.595718
0.684210526	62.44951031	0.99106946	1279.354494
0.684210526	65.0140081	0.992419858	1254.984325
0.684210526	67.62417614	0.993209757	1213.917229
0.684210526	70.11244288	0.991580503	1178.451067
0.684210526	72.40746677	0.989354803	1143.697614
0.684210526	75.05393977	0.987396923	1107.988116
0.684210526	77.42256285	0.98780902	1080.271937
0.684210526	79.05607798	0.989578209	1061.495369
0.684210526	80.55242668	0.988615026	1042.192607
0.684210526	82.03892428	0.988744035	1025.809057
0.684210526	83.54054447	0.987970438	1007.222802
0.684210526	85.05667044	0.988283153	988.3670833
0.684210526	86.4356357	0.987646455	971.1698152
0.684210526	87.99909187	0.987410837	951.5600206
0.684210526	89.41492157	0.986422246	935.1171475
0.684210526	90.9824606	0.986127513	913.5979097
0.684210526	92.52894061	0.984037755	889.9805271
0.684210526	94.98095391	0.980203882	849.7451554
0.684210526	97.48297842	0.977197223	806.9443527
0.684210526	99.88999983	0.97539164	772.0251367
0.684210526	102.3186378	0.971288398	734.0807106
0.684210526	104.8914531	0.974209401	705.9270968
0.684210526	107.5319053	0.973360394	663.9186683
0.684210526	110.0492456	0.971244569	621.2136314
0.684210526	112.6206047	0.918999422	428.6022078
0.684210526	114.9693416	0.863200541	255.1915168
0.684210526	115.4879609	0.725369778	-16.69024003
0.684210526	115.5713174	0.519403056	-324.9316122
0.684210526	112.6421666	0.302129335	-518.225775
0.684210526	108.5560053	0.154871034	-862.0592751
0.684210526	106.9509766	-0.017407288	-660.9378093
0.684210526	106.6885251	-0.029223658	-687.0698745
0.684210526	106.283142	-0.046220756	-712.5551
0.684210526	105.6581328	-0.069721065	-741.0618937
0.684210526	104.8809411	-0.101330901	-781.2757947
0.684210526	104.1176813	-0.129910316	-817.4562807
0.684210526	103.5341815	-0.150613483	-845.2489964
0.684210526	103.1189681	-0.17549368	-888.4499343
0.684210526	103.1496536	-0.190142211	-922.1599619
0.684210526	103.5887376	-0.21260663	-982.4601575
0.684210526	103.8852284	-0.22312364	-1015.695706
0.631578947	-104.1359917	-1.415719832	1523.228302
0.631578947	-102.890453	-1.386731866	1488.264112
0.631578947	-97.51158176	-1.259277986	1366.907713
0.631578947	-93.96667331	-1.157757805	1281.055042
0.631578947	-91.08564179	-1.066118415	1206.482417
0.631578947	-88.42416682	-0.985766932	1145.093496
0.631578947	-85.91046531	-0.90444659	1076.5896
0.631578947	-83.8760272	-0.839673213	1018.094859
0.631578947	-81.68251819	-0.769619765	955.8679678
0.631578947	-80.35301521	-0.724325933	909.9621621
0.631578947	-79.75764739	-0.702420054	896.5228767
0.631578947	-80.09672088	-0.64471869	877.6413465
0.631578947	-79.65269314	-0.610756955	859.7456966
0.631578947	-84.45168737	-0.673315135	949.7217051
0.631578947	-84.33593924	-0.640050683	935.3603436
0.631578947	-83.6774651	-0.586756709	901.4937628
0.631578947	-83.53904607	-0.541207346	890.1065378
0.631578947	-81.71709065	-0.48174545	839.29556
0.631578947	-80.80577184	-0.428798074	801.2349207
0.631578947	-80.08160483	-0.376486868	769.1823853
0.631578947	-79.76670686	-0.329287995	738.3421987
0.631578947	-79.25042026	-0.281620829	713.1380297
0.631578947	-78.43965679	-0.229453133	686.7232763
0.631578947	-77.74954889	-0.186400221	666.3818037
0.631578947	-77.01806855	-0.133934007	641.9912513
0.631578947	-76.28201547	-0.090232522	633.0023163
0.631578947	-75.32497862	-0.04388926	634.6134024
0.631578947	-71.78339976	0.059234156	631.1390468
0.631578947	-68.27462958	0.218481867	671.0767962
0.631578947	-66.88540366	0.301160176	681.9615528
0.631578947	-55.16913192	0.491120809	852.9337713
0.631578947	-44.71476034	0.585125448	991.3611428
0.631578947	-37.43762912	0.635251764	1085.184089
0.631578947	-30.98132418	0.667110134	1156.376808
0.631578947	-25.19581495	0.690888497	1225.461716
0.631578947	-17.49167879	0.729301416	1337.047637
0.631578947	-10.22134552	0.765842574	1523.167479
0.631578947	10.17184104	0.831345451	1592.492968
0.631578947	20.00567437	0.858228532	1460.958048
0.631578947	30.0776443	0.877739496	1397.606891
0.631578947	40.17881564	0.891498695	1333.974395
0.631578947	49.89990892	0.906764848	1271.609179
0.631578947	59.81654221	0.922836349	1210.737671
0.631578947	62.4642066	0.941324667	1231.173187
0.631578947	65.06511888	0.942519524	1212.384642
0.631578947	67.59835935	0.946006891	1181.835624
0.631578947	70.02512492	0.943535103	1145.542926
0.631578947	72.40320879	0.941651389	1112.510003
0.631578947	75.05395222	0.938505443	1075.501522
0.631578947	77.55218176	0.940343422	1046.955181
0.631578947	79.05400368	0.939600689	1027.344817
0.631578947	80.38606626	0.938626042	1009.28561
0.631578947	81.90423802	0.936697067	989.2276622
0.631578947	83.54167328	0.935758136	966.3895813
0.631578947	84.95187115	0.934764296	947.8013308
0.631578947	86.4729935	0.932057516	924.8946056
0.631578947	87.98124679	0.93027794	899.7171599
0.631578947	89.50650299	0.926559965	872.7141249
0.631578947	90.95285628	0.923172584	845.9175102
0.631578947	92.4925911	0.92038571	820.860035
0.631578947	94.93177801	0.91685832	783.564849
0.631578947	97.70236111	0.914925775	746.6824531
0.631578947	99.88539223	0.914613022	720.5822505
0.631578947	102.3967791	0.912949932	685.2273606
0.631578947	104.798747	0.910393351	646.8456055
0.631578947	107.5438193	0.906657066	601.7948325
0.631578947	109.8691317	0.906772745	566.4820075
0.631578947	111.3262976	0.831401908	325.5880381
0.631578947	112.0852621	0.807387686	260.6746221
0.631578947	111.9493788	0.77154511	180.2605596
0.631578947	111.5310616	0.73694201	126.1757704
0.631578947	111.8666275	0.711467827	70.04879839
0.631578947	112.0968189	0.693787222	39.79811928
0.631578947	112.3860167	0.668904246	-9.031429859
0.631578947	112.9662617	0.554786177	-186.5944599
0.631578947	112.5976274	0.466277488	-308.570427
0.631578947	111.1958087	0.340407263	-425.2682217
0.631578947	105.0300565	-0.021044211	-630.1088356
0.631578947	104.7680548	-0.030962239	-646.769956
0.631578947	103.6723038	-0.069348836	-695.1289529
0.631578947	102.7904728	-0.101606846	-734.816463
0.631578947	102.1664271	-0.126809738	-768.6207627
0.631578947	101.3724379	-0.16882574	-839.0599934
0.631578947	101.7220892	-0.193200109	-898.0662001
0.631578947	102.3424861	-0.213232446	-959.5245498
0.631578947	102.7725115	-0.223996176	-994.180148
0.578947368	-104.4834001	-1.418779618	1538.044461
0.578947368	-103.282063	-1.391446399	1502.9473
0.578947368	-97.78704218	-1.263586355	1376.314433
0.578947368	-94.42003676	-1.166125684	1293.26226
0.578947368	-91.431291	-1.074435096	1215.402258
0.578947368	-88.66759895	-0.989072029	1149.353504
0.578947368	-86.14015085	-0.910646787	1080.936212
0.578947368	-83.79115998	-0.836241866	1016.08044
0.578947368	-81.72794813	-0.770211133	956.9408957
0.578947368	-80.93877244	-0.742291579	927.2519539
0.578947368	-79.78242533	-0.70373242	896.3325655
0.578947368	-79.16186281	-0.676783542	867.6805642
0.578947368	-79.4003347435	-0.632319599	853.445456808
0.578947368	-79.65516447	-0.618109759	850.2410771
0.578947368	-84.20154006	-0.676594163	938.0824426
0.578947368	-84.17165453	-0.64118122	936.2779384
0.578947368	-83.65258143	-0.591015983	904.276769
0.578947368	-83.18809298	-0.532161976	885.0924058
0.578947368	-81.64389795	-0.483301256	842.8316038
0.578947368	-80.6719989	-0.427434342	800.5783845
0.578947368	-79.97462045	-0.37458183	767.0268738
0.578947368	-79.57611088	-0.325928514	737.38093
0.578947368	-79.0392518	-0.274652735	707.8209076
0.578947368	-78.30700546	-0.227330795	683.6160086
0.578947368	-77.60774386	-0.183499053	660.3618188
0.578947368	-76.93791732	-0.133788999	639.8581297
0.578947368	-76.18332549	-0.089398927	628.3259014
0.578947368	-75.17655385	-0.044240187	630.2745215
0.578947368	-71.45864671	0.064972957	628.7823907
0.578947368	-67.02583917	0.291607254	675.8903746
0.578947368	-62.61547252	0.390899417	747.740708
0.578947368	-56.16531206	0.471452075	838.4657985
0.578947368	-47.68856084	0.546772086	945.4154555
0.578947368	-41.02434478	0.594650225	1035.138662
0.578947368	-29.57465476	0.65181416	1160.289471
0.578947368	-19.53449125	0.689426965	1282.774472
0.578947368	-9.992804819	0.736430357	1503.929124
0.578947368	9.919811652	0.793970411	1563.636303
0.578947368	20.01080153	0.817553588	1422.70007
0.578947368	30.09260704	0.835937961	1362.577891
0.578947368	39.81529889	0.843225999	1287.208198
0.578947368	50.1892732	0.858388897	1221.389607
0.578947368	59.9419116	0.870655828	1158.958119
0.578947368	62.67650173	0.892544138	1179.282654
0.578947368	64.85160502	0.896408809	1170.344288
0.578947368	67.57615315	0.893035767	1131.929379
0.578947368	69.98392999	0.890456028	1097.711433
0.578947368	72.3803433	0.888073468	1064.02063
0.578947368	74.95679089	0.886924017	1029.81913
0.578947368	77.45559781	0.886418931	992.6876169
0.578947368	79.03119501	0.883822827	971.6643304
0.578947368	80.7095639	0.883272508	949.8696883
0.578947368	81.86480176	0.881347486	930.6926766
0.578947368	83.48758348	0.876871627	901.8915856
0.578947368	85.24484897	0.870574579	867.3190835
0.578947368	86.37485434	0.866469874	844.0670004
0.578947368	87.74983617	0.863643676	821.6371407
0.578947368	88.99774428	0.860807308	801.3135337
0.578947368	89.72839204	0.85853347	785.4760014
0.578947368	91.00634025	0.858474456	770.9940971
0.578947368	92.43859169	0.856239302	754.5649054
0.578947368	94.97640905	0.854277871	718.7307665
0.578947368	97.6324074	0.851016246	681.3510319
0.578947368	100.1098147	0.848134879	647.5970172
0.578947368	102.4648915	0.845050095	611.7524377
0.578947368	104.8038213	0.844312425	576.4572611
0.578947368	107.5295814	0.793675851	387.6939845
0.578947368	109.2973333	0.615440966	5.644700569
0.578947368	109.9612628	0.527771494	-137.9280113
0.578947368	109.9337677	0.46491047	-225.9246366
0.578947368	109.7032803	0.396980087	-307.4786796
0.578947368	108.1041246	0.264611649	-428.6128605
0.578947368	103.1340294	-0.014979131	-558.0759537
0.578947368	103.0420201	-0.019616973	-572.7606394
0.578947368	102.6755476	-0.032436847	-597.1235845
0.578947368	102.0923455	-0.049251372	-618.7168458
0.578947368	101.350201	-0.073975964	-648.9506563
0.578947368	100.7785077	-0.099101582	-684.3958748
0.578947368	100.0491149	-0.129972234	-728.4583935
0.578947368	99.81972171	-0.14484633	-752.7652501
0.578947368	100.2079063	-0.179376583	-834.4631194
0.578947368	101.3846602	-0.211566397	-932.7892196
0.578947368	102.0276629	-0.225309952	-979.2495598
0.526315789	-104.4479734	-1.409229604	1551.708991
0.526315789	-98.55848319	-1.271234889	1387.892783
0.526315789	-94.68468636	-1.170190108	1302.895913
0.526315789	-91.85359246	-1.081954345	1225.31085
0.526315789	-88.68625259	-0.988743597	1148.092377
0.526315789	-86.1985181	-0.909503952	1079.014924
0.526315789	-83.89068465	-0.835660511	1014.270146
0.526315789	-81.88708917	-0.770090199	954.9330592
0.526315789	-79.82915994	-0.699967545	889.6124304
0.526315789	-79.05340183	-0.671552861	870.3999153
0.526315789	-78.32390431	-0.640284864	834.802294
0.526315789	-79.24692478	-0.602366516	842.3704482
0.526315789	-83.30984712	-0.579933512	891.6560021
0.526315789	-81.91961226	-0.49775857	847.9478263
0.526315789	-80.87822887	-0.456645543	814.1479108
0.526315789	-80.36354655	-0.425990111	791.0535148
0.526315789	-79.77798543	-0.371659547	757.8020588
0.526315789	-79.4377005	-0.328977367	732.5666448
0.526315789	-79.00698861	-0.279278176	704.4653138
0.526315789	-78.45833796	-0.239750479	685.9246552
0.526315789	-78.03213985	-0.21479078	673.8523466
0.526315789	-77.49832486	-0.183962896	657.5837318
0.526315789	-76.71661504	-0.137858143	637.0292941
0.526315789	-75.92650995	-0.090083226	622.868324
0.526315789	-75.0096872	-0.045569811	623.223191
0.526315789	-71.41813155	0.058229148	621.6119432
0.526315789	-68.57555684	0.154214569	652.5272929
0.526315789	-67.17837108	0.273622474	666.8373902
0.526315789	-64.70849035	0.35513477	707.8790183
0.526315789	-59.79450253	0.415289473	785.4910235
0.526315789	-52.49851335	0.491952708	877.9381049
0.526315789	-44.87639187	0.55109397	975.754719
0.526315789	-36.96621281	0.593611279	1069.320304
0.526315789	-28.90869786	0.628116758	1152.921579
0.526315789	-20.14374076	0.657242656	1248.729091
0.526315789	-9.979017731	0.703559236	1472.258806
0.526315789	10.01419359	0.752200634	1512.516478
0.526315789	20.11618491	0.77270621	1372.621205
0.526315789	29.85535274	0.790491437	1317.219527
0.526315789	39.91007963	0.792532726	1235.260739
0.526315789	50.21275222	0.803757029	1164.981672
0.526315789	59.72971319	0.814075414	1101.940789
0.526315789	62.65969856	0.830211527	1108.897086
0.526315789	65.00943642	0.836883942	1099.056125
0.526315789	67.4607252	0.83645984	1078.041723
0.526315789	70.02896165	0.831289225	1040.93009
0.526315789	72.53964335	0.826662831	999.8545494
0.526315789	74.96608287	0.822861778	961.9545865
0.526315789	77.52407553	0.815730567	915.0379912
0.526315789	79.06344985	0.811435589	883.2417621
0.526315789	80.45698559	0.807996709	857.3606159
0.526315789	81.99801977	0.807925206	835.1268673
0.526315789	83.52243342	0.801703247	805.3182346
0.526315789	84.99572277	0.801376207	786.8481035
0.526315789	86.57971729	0.798934282	764.0677254
0.526315789	88.09362313	0.795545323	742.1805708
0.526315789	89.42878637	0.793144534	721.775154
0.526315789	91.06327667	0.790932191	698.253998
0.526315789	92.51260636	0.788141576	676.7637832
0.526315789	95.09531671	0.784642274	640.9342811
0.526315789	97.42885517	0.781646807	612.3582024
0.526315789	100.0431878	0.779204626	580.1470725
0.526315789	102.3838608	0.775780807	546.9906002
0.526315789	104.071817	0.661454222	219.4350576
0.526315789	106.0020017	0.577233293	42.20768778
0.526315789	106.3512287	0.556767639	2.009006079
0.526315789	106.8668727	0.506897201	-81.84323092
0.526315789	107.0131091	0.482277158	-116.310544
0.526315789	107.2924619	0.434132219	-186.4582092
0.526315789	106.2802201	0.274633419	-362.3809944
0.526315789	100.7074045	-0.013055983	-508.5953431
0.526315789	100.1326947	-0.029473124	-541.8702597
0.526315789	99.48374573	-0.047753571	-565.6153743
0.526315789	98.67945048	-0.07978268	-606.5951409
0.526315789	98.16382406	-0.103223294	-640.98906
0.526315789	97.950812	-0.119979343	-668.0033025
0.526315789	97.91384441	-0.143533616	-714.7958626
0.526315789	98.26030615	-0.160191482	-756.0682875
0.526315789	98.64362851	-0.17198731	-789.3087846
0.526315789	99.13989574	-0.184121065	-824.3087608
0.526315789	100.1046875	-0.204150529	-892.1671022
0.526315789	100.9883695	-0.220207417	-946.2999784
0.473684211	-105.4991921	-1.408065209	1573.453665
0.473684211	-101.3481637	-1.316437353	1465.739973
0.473684211	-96.71383652	-1.199552378	1348.069866
0.473684211	-93.55271613	-1.099076997	1274.82336
0.473684211	-90.36700044	-1.008366732	1189.68701
0.473684211	-87.48294034	-0.924798216	1111.419417
0.473684211	-84.87234955	-0.847000253	1038.059529
0.473684211	-82.51320956	-0.777536928	970.2698631
0.473684211	-80.5201694	-0.708976248	906.5837089
0.473684211	-78.84527952	-0.648405347	847.9187063
0.473684211	-83.51080464	-0.656073324	922.4726219
0.473684211	-83.25055033	-0.633241723	907.5939399
0.473684211	-83.34953847	-0.590485638	895.3127718
0.473684211	-82.93797037	-0.530815527	872.2793358
0.473684211	-81.14419932	-0.476289972	824.951672
0.473684211	-80.13406354	-0.425226706	786.1625739
0.473684211	-79.31809871	-0.370523096	750.7630665
0.473684211	-79.1946597	-0.325669001	726.5590952
0.473684211	-78.87068914	-0.278543188	702.2913297
0.473684211	-78.16910409	-0.229444898	678.6302049
0.473684211	-77.84812886	-0.210713521	669.058531
0.473684211	-77.30860632	-0.179519132	653.621087
0.473684211	-76.58290371	-0.137259316	632.1503441
0.473684211	-75.66647011	-0.087088002	619.8133646
0.473684211	-74.61640879	-0.037535943	619.7483461
0.473684211	-71.09171346	0.062409485	617.6213764
0.473684211	-69.19921857	0.122871728	637.2484621
0.473684211	-67.65224355	0.224451308	659.5550459
0.473684211	-64.83314552	0.345902561	700.8068517
0.473684211	-60.13886037	0.400578117	775.4503899
0.473684211	-51.97706191	0.480515125	877.2176797
0.473684211	-45.2932335	0.528567423	960.4676408
0.473684211	-37.37469877	0.566597146	1049.965077
0.473684211	-26.77026052	0.606493323	1149.048297
0.473684211	-19.82677491	0.625913171	1216.485724
0.473684211	-9.830776609	0.668430146	1434.291355
0.473684211	10.03186308	0.710536787	1459.941344
0.473684211	19.90498765	0.727094388	1321.820606
0.473684211	29.93796507	0.74111132	1259.709551
0.473684211	40.11464081	0.745656131	1181.558216
0.473684211	49.89251449	0.751216417	1110.279657
0.473684211	59.69607444	0.760113328	1040.737512
0.473684211	62.5048659	0.775218118	1044.03329
0.473684211	65.13460727	0.776377222	1026.139635
0.473684211	67.54988532	0.778236129	1010.738538
0.473684211	70.09106465	0.773087489	971.7687079
0.473684211	72.57235161	0.766753532	919.901656
0.473684211	74.94727911	0.756479289	871.7073667
0.473684211	77.59576312	0.750770256	824.2338597
0.473684211	79.05360059	0.74815455	802.5622348
0.473684211	80.5959272	0.745086965	779.3687295
0.473684211	81.98252492	0.744054626	759.203614
0.473684211	82.9793331	0.741083133	744.4010692
0.473684211	83.51919182	0.739705193	736.4150923
0.473684211	84.91190125	0.73804465	714.9807712
0.473684211	86.4228543	0.734190138	692.4512184
0.473684211	88.08075078	0.730245225	667.3211526
0.473684211	89.64756137	0.727968951	646.2291059
0.473684211	90.95890021	0.726915266	629.2279899
0.473684211	92.57104872	0.724180227	609.5672065
0.473684211	95.07871837	0.720549133	579.2753666
0.473684211	97.49541059	0.717907575	550.9963744
0.473684211	100.0932942	0.714471422	513.82988
0.473684211	102.4087059	0.56210945	112.0402681
0.473684211	103.5631173	0.509451517	9.001160368
0.473684211	104.2978458	0.451835359	-85.0460524
0.473684211	104.5528551	0.405708309	-151.4322775
0.473684211	104.5061459	0.302026	-279.2318318
0.473684211	98.1203474	-0.01294415	-464.9878847
0.473684211	97.47458923	-0.028557596	-492.2634423
0.473684211	97.02077818	-0.042809344	-510.6207155
0.473684211	96.43114413	-0.067164262	-541.9944951
0.473684211	96.05152204	-0.086816096	-570.9703249
0.473684211	95.87402257	-0.102158347	-597.6084713
0.473684211	95.92255358	-0.12439357	-641.0453141
0.473684211	96.39317414	-0.145180915	-691.6914367
0.473684211	96.64264598	-0.153245765	-713.3947751
0.473684211	97.56236836	-0.174011421	-775.2823181
0.473684211	98.072657	-0.182978289	-806.059922
0.473684211	99.06140713	-0.200302534	-866.977791
0.473684211	99.90200951	-0.214124063	-914.9222995
0.473684211	100.7249829	-0.226374334	-960.2315156
0.421052632	-104.241963945	-1.265021817	1605.27060529
0.421052632	-97.0536023441	-1.11604784377	1395.3566444
0.421052632	-91.8482374949	-0.997519370491	1249.47589928
0.421052632	-87.9630055764	-0.898211730718	1134.04497543
0.421052632	-85.2770811972	-0.813439784253	1046.6415844
0.421052632	-82.724614667	-0.737224647951	966.604696727
0.421052632	-80.3962863178	-0.670993006817	890.740348218
0.421052632	-84.3082685551	-0.676433889324	930.02770215
0.421052632	-83.5414403204	-0.637687789	908.189148375
0.421052632	-82.75709091	-0.536342896	870.6160154
0.421052632	-80.82057399	-0.476051214	820.2935059
0.421052632	-79.69621258	-0.423388242	779.3447265
0.421052632	-79.09935286	-0.373623222	746.7091459
0.421052632	-78.59289012	-0.329384191	721.7016125
0.421052632	-78.62629287	-0.275462106	694.9664517
0.421052632	-78.10351704	-0.232141194	676.8611389
0.421052632	-77.41490576	-0.188666728	656.0341377
0.421052632	-76.57364688	-0.13380223	628.1343965
0.421052632	-75.69365663	-0.088467803	614.3677166
0.421052632	-74.57513388	-0.043173209	614.180754
0.421052632	-70.85836144	0.057630242	610.8097246
0.421052632	-68.78435604	0.127198724	632.8407399
0.421052632	-67.52934774	0.215708322	652.3252641
0.421052632	-60.95536433	0.382445242	758.9994335
0.421052632	-53.65335614	0.44741325	846.7372681
0.421052632	-44.70977686	0.505958221	950.947475
0.421052632	-37.21600084	0.536024388	1028.086295
0.421052632	-29.39198021	0.564543403	1095.58564
0.421052632	-21.26617637	0.587238683	1161.645692
0.421052632	-9.86878331	0.628374462	1377.801998
0.421052632	10.10751115	0.666026806	1391.643505
0.421052632	20.09961082	0.679524998	1258.070517
0.421052632	29.89170153	0.688545301	1186.116439
0.421052632	40.05419137	0.694288732	1120.094338
0.421052632	49.91002991	0.696225595	1042.558916
0.421052632	59.91925089	0.701161327	967.7382081
0.421052632	62.48174072	0.710783534	967.4026332
0.421052632	65.04741843	0.709642806	941.9767569
0.421052632	67.54576295	0.70382573	907.7425216
0.421052632	70.0563482	0.696183743	861.0709822
0.421052632	72.4425311	0.687570829	817.0886907
0.421052632	74.9921151	0.681213211	773.3609602
0.421052632	77.42475765	0.675467436	734.287915
0.421052632	78.99742743	0.672805418	711.7200495
0.421052632	80.49178575	0.668549431	689.6104332
0.421052632	82.00205549	0.672466554	674.2552426
0.421052632	83.44465627	0.668308931	653.3762268
0.421052632	85.1532792	0.665161089	629.7951253
0.421052632	86.66104866	0.661886325	610.1801545
0.421052632	87.79008937	0.660281331	596.2051061
0.421052632	89.7127129	0.656749024	571.5246879
0.421052632	91.21307252	0.654178725	551.4583587
0.421052632	92.4342195	0.652559208	535.9429967
0.421052632	94.75756742	0.648293494	505.6890469
0.421052632	97.59250175	0.643488394	468.8176232
0.421052632	98.46579113	0.533149056	161.2541834
0.421052632	100.2602713	0.479185451	46.42615457
0.421052632	100.7154118	0.458230363	8.458422228
0.421052632	101.7754512	0.382746182	-109.8038705
0.421052632	102.0668373	0.321655758	-189.6584493
0.421052632	100.2542404	0.114589056	-389.4058878
0.421052632	95.34361748	-0.018123145	-433.6426267
0.421052632	94.5610399	-0.040945884	-463.1698227
0.421052632	94.25181331	-0.050956474	-476.9087319
0.421052632	93.82932999	-0.076427225	-515.2707781
0.421052632	93.80320687	-0.102742004	-565.2668236
0.421052632	94.22778124	-0.124984115	-617.1755857
0.421052632	94.4629221	-0.132588664	-636.6934868
0.421052632	95.26348196	-0.151877445	-692.9104413
0.421052632	96.01061847	-0.166158563	-737.7071035
0.421052632	96.87387549	-0.18092212	-786.4491377
0.421052632	97.94941015	-0.196427121	-842.5324872
0.421052632	98.93712739	-0.209713651	-892.3644046
0.421052632	100.0951753	-0.225315526	-949.8897176
0.368421053	-104.7325445	-1.230462694	1608.342349
0.368421053	-97.24934887	-1.085870416	1392.501538
0.368421053	-92.19893279	-0.976097274	1246.431331
0.368421053	-88.52645013	-0.884078484	1136.63774
0.368421053	-85.33272077	-0.799575709	1043.289411
0.368421053	-82.755659045	-0.726812429	963.570122786
0.368421053	-80.50772603	-0.659651052	890.2783077
0.368421053	-85.17103359	-0.670548932	958.0975483
0.368421053	-84.15290063	-0.638003831	923.7015077
0.368421053	-82.59331305	-0.583098815	871.6294033
0.368421053	-82.0832293168	-0.52660083	852.905598654
0.368421053	-80.19994984	-0.472783531	806.5720161
0.368421053	-78.85327028	-0.414731691	760.1183131
0.368421053	-78.09291478	-0.368920707	733.1440486
0.368421053	-78.08349335	-0.322162068	708.4586074
0.368421053	-78.31837554	-0.273496324	687.0056442
0.368421053	-77.83464293	-0.230272254	667.5349819
0.368421053	-77.11608081	-0.18241263	647.5742898
0.368421053	-76.44746949	-0.134284569	626.7974787
0.368421053	-75.44623211	-0.089430324	609.2455735
0.368421053	-74.19059458	-0.042945508	609.3678712
0.368421053	-70.24047448	0.064350744	607.2637604
0.368421053	-68.20633725	0.13628356	628.7084324
0.368421053	-66.61643436	0.26435401	651.3145982
0.368421053	-62.03208208	0.359834404	736.134789
0.368421053	-54.60815058	0.41288716	817.8718403
0.368421053	-46.26407561	0.467337952	909.3813862
0.368421053	-36.63458642	0.504126328	1000.726777
0.368421053	-26.32852814	0.536958543	1078.302405
0.368421053	-20.89057184	0.551179779	1119.098176
0.368421053	-9.770604891	0.58339904	1312.133337
0.368421053	10.24600103	0.615336101	1310.947669
0.368421053	20.30053696	0.625094939	1179.260817
0.368421053	29.74690811	0.631543044	1107.646839
0.368421053	40.1524984	0.637508543	1041.982136
0.368421053	50.06214845	0.635814683	962.8152008
0.368421053	60.17300866	0.63891266	884.8766867
0.368421053	62.51635842	0.642256376	871.3072121
0.368421053	65.09431132	0.635848313	831.170032
0.368421053	67.55716518	0.630188294	800.5782945
0.368421053	70.03184942	0.622564615	759.7196438
0.368421053	72.47240101	0.615442003	718.922378
0.368421053	75.20615449	0.608347151	676.6717634
0.368421053	77.45980615	0.603382349	644.0535816
0.368421053	79.03206486	0.599750458	621.7199531
0.368421053	80.70679746	0.595940085	599.1613438
0.368421053	82.09335062	0.596412629	584.6167209
0.368421053	83.60759347	0.592726416	565.6900416
0.368421053	85.1296972	0.589613122	543.3053589
0.368421053	86.52909649	0.585772242	523.8628192
0.368421053	88.04838471	0.582435511	503.4456293
0.368421053	89.87140202	0.579324371	480.2940147
0.368421053	91.12554288	0.57673674	464.7080654
0.368421053	92.55534635	0.56676663	426.185015
0.368421053	94.88525316	0.487177574	176.7193501
0.368421053	97.77314404	0.414316279	17.75375199
0.368421053	98.04176865	0.403122553	-0.777596679
0.368421053	99.45573119	0.301928197	-150.9523631
0.368421053	98.56532318	0.13220517	-332.0690372
0.368421053	93.07515148	-0.015364895	-391.8880471
0.368421053	92.67904402	-0.024560481	-404.3562308
0.368421053	92.42003682	-0.03366267	-416.4732665
0.368421053	91.92552088	-0.051338473	-440.376513
0.368421053	91.71590775	-0.068366249	-467.8452949
0.368421053	91.78514932	-0.095236738	-522.352219
0.368421053	92.37184622	-0.118734901	-580.8661286
0.368421053	92.97286854	-0.133949827	-623.8263248
0.368421053	93.66784395	-0.147627987	-665.5086775
0.368421053	94.51238141	-0.160467874	-706.9600333
0.368421053	95.43070058	-0.173474762	-752.1192199
0.368421053	96.16886409	-0.183132679	-784.2861536
0.368421053	97.52950994	-0.19889694	-845.1878578
0.368421053	98.76705141	-0.212536805	-899.3653212
0.368421053	99.73300168	-0.223512985	-941.3406193
0.315789474	-103.997270278	-1.18811430551	1683.00060469
0.315789474	-93.55149872	-0.933528984	1275.231033
0.315789474	-88.98544424	-0.835492514	1133.956057
0.315789474	-85.43154784	-0.754043945	1029.057251
0.315789474	-82.59466965	-0.681300095	939.0958171
0.315789474	-80.17387112	-0.612088473	857.0044706
0.315789474	-85.71450051	-0.647690127	960.5454691
0.315789474	-83.55607781	-0.588775566	891.7130435
0.315789474	-81.82655602	-0.528692077	841.2271952
0.315789474	-79.04303145	-0.462668799	772.9344617
0.315789474	-77.69557	-0.414902079	737.6070013
0.315789474	-76.59104793	-0.36412557	705.1584456
0.315789474	-77.00937398	-0.312715759	688.6151562
0.315789474	-77.39750845	-0.225783659	653.5523671
0.315789474	-77.0156075935	-0.213649356265	644.563146342
0.315789474	-76.79622355	-0.180881044	634.9626142
0.315789474	-76.56801531	-0.166649214	629.1066702
0.315789474	-76.11761081	-0.13477544	619.3125333
0.315789474	-75.13337041	-0.089821942	604.20943
0.315789474	-73.37219012	-0.043606007	598.3914151
0.315789474	-69.81267215	0.058377649	595.3411725
0.315789474	-67.65409979	0.139273452	622.1745319
0.315789474	-66.8607948	0.193146423	633.653844
0.315789474	-61.27793265	0.34404351	730.6524438
0.315789474	-51.74233073	0.400332219	819.9758429
0.315789474	-43.72687842	0.438056995	895.2315916
0.315789474	-34.70360465	0.469432725	968.2878987
0.315789474	-24.44463441	0.496319234	1033.54556
0.315789474	-15.0031701	0.515947018	1103.286149
0.315789474	-9.88182449	0.530064155	1214.382233
0.315789474	10.11680067	0.556844217	1215.393238
0.315789474	20.10327019	0.563768508	1084.497774
0.315789474	29.96416165	0.567653302	1008.969564
0.315789474	39.82060951	0.568866239	937.2163868
0.315789474	50.06204169	0.568337033	866.0914128
0.315789474	60.68898329	0.561651177	763.6665539
0.315789474	62.57305773	0.560326812	745.8343001
0.315789474	64.97453993	0.554379958	714.4017067
0.315789474	67.48102362	0.548975616	684.487225
0.315789474	69.89234919	0.544245979	653.4416218
0.315789474	72.38088253	0.537180149	616.7911224
0.315789474	75.13458205	0.530667109	577.8004035
0.315789474	77.4672097	0.525272121	545.7393689
0.315789474	79.18088281	0.521208602	522.1194044
0.315789474	80.43595109	0.51698143	503.0667708
0.315789474	82.05497151	0.502439534	443.7729117
0.315789474	83.43659388	0.49838093	422.4799954
0.315789474	84.94887461	0.495159725	401.359265
0.315789474	86.55029492	0.492054654	380.6194377
0.315789474	87.91158873	0.488848902	363.0403538
0.315789474	89.51998085	0.460864226	249.4298486
0.315789474	90.95130153	0.442415312	191.1923525
0.315789474	92.41532701	0.420200498	130.8382113
0.315789474	95.05941188	0.363086485	10.20476042
0.315789474	95.87470161	0.336185993	-37.27539088
0.315789474	96.94069132	0.274025896	-126.9506016
0.315789474	97.03823374	0.248628645	-159.2080457
0.315789474	97.05335212	0.240333224	-171.9826457
0.315789474	90.92452214	-0.012754679	-354.4652194
0.315789474	90.08541999	-0.032100299	-380.4344241
0.315789474	89.60882309	-0.057014718	-418.9411618
0.315789474	89.62331686	-0.080982052	-466.4805442
0.315789474	90.07130991	-0.102867042	-519.1076713
0.315789474	90.80140208	-0.120339416	-567.8758153
0.315789474	91.82934681	-0.136488104	-620.3034269
0.315789474	93.26183146	-0.155245545	-680.6353921
0.315789474	94.68228203	-0.171603812	-738.8018175
0.315789474	95.68922233	-0.181765661	-777.2663227
0.315789474	98.01022969	-0.204341436	-867.0091727
0.315789474	98.9056996	-0.213336283	-903.1785736
0.315789474	100.1909081	-0.225025448	-952.9986513
0.263157895	-104.487334881	-1.047233759	1625.04621566
0.263157895	-98.9345114081	-0.940329406	1425.64611774
0.263157895	-91.5436586	-0.807793465	1181.846707
0.263157895	-86.60838423	-0.711987913	1031.630591
0.263157895	-83.28238062	-0.636501596	925.4525461
0.263157895	-87.2930591	-0.630263651	977.9556468
0.263157895	-84.9578070127	-0.58175481878	919.266819879
0.263157895	-82.50267983	-0.522123611	849.0938247
0.263157895	-79.69136271	-0.47229634	781.8967019
0.263157895	-77.32853009	-0.418488378	720.2669497
0.263157895	-75.28461754	-0.349688673	665.2977265
0.263157895	-74.32191539	-0.29018804	633.75501
0.263157895	-75.05735126	-0.262932539	633.7972746
0.263157895	-76.2648418168	-0.227097278927	654.613280739
0.263157895	-76.5078644259	-0.208231551642	623.453435501
0.263157895	-76.0290560122	-0.173668211736	606.03763115
0.263157895	-75.51681604	-0.134287612	602.9855813
0.263157895	-73.75009727	-0.08853036	583.9857127
0.263157895	-72.4539691	-0.042953148	584.4042038
0.263157895	-69.27196547	0.049641784	577.7530598
0.263157895	-66.85259942	0.152515359	614.6197881
0.263157895	-60.82355543	0.315321041	709.0065136
0.263157895	-52.33440265	0.355101858	770.7000223
0.263157895	-45.68570502	0.384253148	822.4554503
0.263157895	-34.43430825	0.419563549	899.8470827
0.263157895	-24.79454724	0.44268042	952.8454358
0.263157895	-16.89332509	0.457713948	996.6313923
0.263157895	-10.14809941	0.465733408	1069.10525
0.263157895	10.05089302	0.491641598	1094.126573
0.263157895	19.47550963	0.494228797	973.2339463
0.263157895	30.02248897	0.495387741	893.066332
0.263157895	39.94547966	0.494523361	821.0761081
0.263157895	50.55554555	0.491962629	741.3528323
0.263157895	59.89796855	0.481764299	647.9395089
0.263157895	62.49233457	0.476838328	620.8251617
0.263157895	64.95848963	0.472062335	595.2707521
0.263157895	67.58158878	0.467140482	566.797574
0.263157895	70.06340054	0.461594279	537.6454668
0.263157895	72.47869079	0.452834676	496.1497782
0.263157895	74.97025274	0.438482181	434.3971446
0.263157895	77.54839135	0.432339634	399.4435354
0.263157895	79.15670234	0.427911874	377.8712382
0.263157895	80.52096432	0.426138537	360.0564716
0.263157895	82.08863761	0.422119534	340.0102122
0.263157895	83.59076547	0.419623125	321.1909001
0.263157895	85.02322759	0.41640642	303.428466
0.263157895	86.59897239	0.390861449	197.227925
0.263157895	87.89152523	0.376412621	153.1142472
0.263157895	89.48177391	0.355856687	98.57161928
0.263157895	91.12306231	0.33219801	43.95276962
0.263157895	92.13113384	0.31170812	3.3553001
0.263157895	92.6108824	0.301385306	-17.41479395
0.263157895	93.41750254	0.276894216	-59.75634628
0.263157895	93.89941487	0.253137484	-96.5402731
0.263157895	94.26734955	0.223732126	-137.2180849
0.263157895	94.46980658	0.210052727	-155.5193877
0.263157895	94.39842855	0.175810865	-192.992561
0.263157895	94.38219624	0.164359031	-208.1250024
0.263157895	88.54686914	-0.013803363	-326.4458851
0.263157895	87.99657476	-0.028103196	-347.1865849
0.263157895	87.54715289	-0.047708794	-377.4551817
0.263157895	87.46694393	-0.071586536	-424.636357
0.263157895	88.12599701	-0.097484691	-489.3717307
0.263157895	88.57907411	-0.106784381	-515.3981168
0.263157895	89.15268672	-0.115784395	-542.1341418
0.263157895	90.14795435	-0.128757839	-582.7828639
0.263157895	91.56698364	-0.144240614	-634.3002025
0.263157895	92.23001257	-0.150863468	-657.2144187
0.263157895	93.10679753	-0.158530673	-687.8809614
0.263157895	94.03848556	-0.166387314	-719.4238284
0.263157895	94.62568515	-0.171300725	-738.3979001
0.263157895	95.53932185	-0.179973438	-770.4896272
0.263157895	97.72381223	-0.19824501	-846.2360642
0.263157895	99.37259626	-0.211289258	-904.6781025
0.263157895	100.7290078	-0.22227818	-952.8444403
0.210526316	-105.178978696	-0.892440686	1524.73124612
0.210526316	-98.74080621	-0.787193766	1324.9241
0.210526316	-92.29894968	-0.703839804	1135.483367
0.210526316	-93.1207343	-0.654273341	1105.201685
0.210526316	-86.85189738	-0.550348179	942.0192573
0.210526316	-82.17480856	-0.483931266	828.6595815
0.210526316	-78.20488553	-0.41442618	728.0788378
0.210526316	-74.93178956	-0.347368268	646.6205528
0.210526316	-73.56824326	-0.305563722	605.8974008
0.210526316	-72.70516043	-0.255454302	580.0883946
0.210526316	-72.282078899	-0.205604590418	570.862160758
0.210526316	-71.9036776093	-0.138536328126	562.48704876
0.210526316	-71.3686535752	-0.0762261075375	557.461981561
0.210526316	-70.1599709	-0.041523996	541.8333568
0.210526316	-67.67533992	0.057690878	542.658566
0.210526316	-65.90791024	0.176313648	602.3380974
0.210526316	-60.29722715	0.274122785	667.9794093
0.210526316	-52.97475729	0.303599294	708.7549167
0.210526316	-45.86366778	0.330403418	745.9804627
0.210526316	-34.47650698	0.359187898	802.8111524
0.210526316	-23.33069046	0.381061475	848.1167496
0.210526316	-14.67020269	0.392536406	890.749164
0.210526316	10.30549155	0.415106573	940.9833835
0.210526316	19.78831053	0.417562945	832.2731825
0.210526316	30.20766446	0.414814837	756.5842035
0.210526316	39.60734944	0.412715712	689.3343403
0.210526316	49.82069103	0.40216477	589.5478024
0.210526316	60.2835948	0.394298226	510.883346
0.210526316	62.50523636	0.382836058	472.1737238
0.210526316	64.82761768	0.376490745	443.6637294
0.210526316	67.57144593	0.370225598	411.8868542
0.210526316	70.13585507	0.364140396	378.0792246
0.210526316	72.50019611	0.359568843	349.0754904
0.210526316	74.90526613	0.354585826	320.2421343
0.210526316	77.44010812	0.350078215	289.8472234
0.210526316	78.96739115	0.347108004	271.8602376
0.210526316	80.64727509	0.344660123	249.9366073
0.210526316	81.9940945	0.332559982	193.0470488
0.210526316	83.45224965	0.319769519	147.8199644
0.210526316	84.97318669	0.305949422	105.4698086
0.210526316	86.64564326	0.290126678	62.22966953
0.210526316	87.95447148	0.274685532	24.49603465
0.210526316	88.84950341	0.261976697	-3.018868227
0.210526316	89.74094857	0.24532795	-37.01345858
0.210526316	91.18051205	0.201368242	-108.2221294
0.210526316	90.63548063	0.07510202	-283.8497864
0.210526316	86.12054684	-0.012881677	-298.3591568
0.210526316	85.70202611	-0.024375296	-315.7434363
0.210526316	85.39989423	-0.039288162	-339.5774525
0.210526316	85.18695355	-0.055827986	-371.4553996
0.210526316	85.26001807	-0.071142152	-404.9859751
0.210526316	85.78835701	-0.086429854	-443.38012
0.210526316	86.79450406	-0.101974715	-488.0853719
0.210526316	88.07461232	-0.116255307	-532.5034282
0.210526316	90.09218111	-0.133045832	-593.0348698
0.210526316	93.84056948	-0.161823342	-703.5011275
0.210526316	96.19952265	-0.179195396	-775.354037
0.210526316	98.1681363	-0.192987973	-837.4884427
0.210526316	102.9082865	-0.226487001	-992.1833772
0.157894737	-115.531909153	-0.698185208869	1529.19884395
0.157894737	-98.3301793534	-0.584554134	1198.33235155
0.157894737	-93.2483173988	-0.52808896528	1045.48779723
0.157894737	-86.57574813	-0.460454906	902.596995556
0.157894737	-81.37289329	-0.402467974	774.8926542
0.157894737	-76.5960343714	-0.321487878	655.285992661
0.157894737	-74.2988351	-0.286019335486	622.311192274
0.157894737	-72.7965896552	-0.261874940487	572.848991695
0.157894737	-71.16737754	-0.221610002	521.3635931
0.157894737	-70.76461599	-0.208174929	510.4900858
0.157894737	-70.25222521	-0.197436191	495.3393474
0.157894737	-69.31314879	-0.163659975	469.5450062
0.157894737	-68.8634172356	-0.124197562	471.424065963
0.157894737	-68.33298708	-0.077964432	473.6635218
0.157894737	-67.61008324	-0.03956596	477.2768355
0.157894737	-66.53027696	0.054782804	484.4291559
0.157894737	-62.35065811	0.214598957	648.8436403
0.157894737	-53.1327964	0.248819041	621.9357776
0.157894737	-45.23596969	0.268628604	649.6949662
0.157894737	-33.90010792	0.291850924	679.9880269
0.157894737	-22.78673564	0.306874006	705.3267173
0.157894737	-15.66177114	0.313960151	729.255133
0.157894737	-10.42421835	0.318373192	766.3156841
0.157894737	9.968566903	0.331039318	761.2464783
0.157894737	20.42885	0.3304061	658.3423547
0.157894737	30.01170057	0.327012605	597.9383366
0.157894737	37.5722268326	0.321783856	554.413737931
0.157894737	47.44089546	0.312916783	460.8069267
0.157894737	59.6688296	0.300592251	359.0305686
0.157894737	62.42882662	0.290925313	328.9894561
0.157894737	64.88778677	0.287455307	303.6320514
0.157894737	67.51104511	0.282307616	275.8735324
0.157894737	70.08302378	0.278358784	248.4786702
0.157894737	72.50255678	0.27359804	223.6971809
0.157894737	74.88826064	0.27173436	199.5771985
0.157894737	77.45861228	0.266042224	163.7112236
0.157894737	78.81492529	0.255959299	124.1014956
0.157894737	80.52914457	0.244747468	86.30589637
0.157894737	82.24838191	0.234311014	51.41960488
0.157894737	83.20002851	0.227186226	32.16257507
0.157894737	84.62383071	0.215565518	-0.452403731
0.157894737	85.23174027	0.208978186	-15.39453783
0.157894737	86.34032835	0.194031191	-47.664354
0.157894737	87.90319221	0.159405199	-109.3260139
0.157894737	88.5488773	0.118315338	-164.0418204
0.157894737	83.44380975	-0.014177542	-274.9402641
0.157894737	82.98749043	-0.027467406	-295.8215973
0.157894737	82.65122774	-0.042389783	-323.1809968
0.157894737	82.883114	-0.061602863	-364.1610077
0.157894737	84.42823647	-0.087914251	-435.1783669
0.157894737	87.23459393	-0.111566286	-513.1052193
0.157894737	91.92369873	-0.141452595	-631.6355046
0.157894737	96.46632526	-0.169666809	-753.5827347
0.157894737	98.91903287	-0.184589681	-821.9735368
0.157894737	106.167459	-0.22711911	-1032.85159
0.105263158	-116.563719812	-0.47184910736	1485.15180238
0.105263158	-98.9645708689	-0.448634223	1114.98793913
0.105263158	-86.6450571797	-0.330798981875	836.647394784
0.105263158	-81.3121329319	-0.301785749022	699.252393175
0.105263158	-76.6333638668	-0.249561929885	589.336391888
0.105263158	-74.31251021	-0.222133636	558.0546976
0.105263158	-72.76352043	-0.202998682	527.5780353
0.105263158	-71.1487958228	-0.178580505	490.41199073
0.105263158	-70.2593983047	-0.165799748	462.932990408
0.105263158	-67.95453466	-0.118442698	412.2011726
0.105263158	-67.1201125337	-0.080438388	380.728340079
0.105263158	-66.71910212	-0.040607015	364.9366035
0.105263158	-64.9671517803	0.0572177437432	418.0808902
0.105263158	-61.4619996074	0.156475871067	594.7308979
0.105263158	-54.4882134973	0.174802577572	556.6497023
0.105263158	-45.13815822	0.190782595	520.5694766
0.105263158	-36.07210109	0.205297748	516.2597357
0.105263158	-29.08185184	0.213613746	518.1377234
0.105263158	-25.34583949	0.217283763	519.7872438
0.105263158	-20.57869576	0.220154376	523.9833597
0.105263158	-14.26709153	0.223867932	535.4655786
0.105263158	-9.46966186674	0.226582182	546.759384488
0.105263158	9.81873618413	0.224053367	534.313721329
0.105263158	20.00760312	0.223463753	442.4862809
0.105263158	29.9669586	0.218983523	388.8811276
0.105263158	39.54203595	0.214068218	334.9418992
0.105263158	49.83907647	0.202912092	254.7047827
0.105263158	60.51322473	0.194974753	187.4146586
0.105263158	62.55681958	0.196006568	177.7242893
0.105263158	64.91476049	0.193545832	156.7615679
0.105263158	67.41852773	0.190636597	134.9246537
0.105263158	70.05984646	0.187556262	111.6537438
0.105263158	72.39106118	0.184063819	90.0828534
0.105263158	74.83122873	0.174979123	54.98035298
0.105263158	77.52832109	0.165584971	17.09888173
0.105263158	78.6108594	0.160824964	0.154888895
0.105263158	79.00565121	0.158690859	-6.153816161
0.105263158	80.62910316	0.148808189	-35.4482923
0.105263158	81.90557239	0.13816321	-62.50922373
0.105263158	83.27861473	0.122071585	-97.26468596
0.105263158	84.55774661	0.093074167	-145.0514052
0.105263158	80.58485828	-0.014123305	-252.7401463
0.105263158	79.73397782	-0.033160381	-282.5055668
0.105263158	80.14268218	-0.050891775	-321.3666823
0.105263158	82.03827621	-0.075261947	-387.4973084
0.105263158	88.28121044	-0.112280948	-525.0149494
0.105263158	95.30767369	-0.147776254	-681.8057996
0.105263158	109.2432313	-0.211020657	-1022.530395
0.105263158	112.0152364	-0.222500134	-1095.868076
0.052631579	-116.881300843	-0.354061721995	1391.72320128
0.052631579	-99.4411709402	-0.247940904	990.529796586
0.052631579	-93.86102124	-0.222991498	842.4131019
0.052631579	-86.79204952	-0.191538992	707.4982882
0.052631579	-80.99178347	-0.164250593	603.2083321
0.052631579	-76.75484736	-0.142010876	530.9548097
0.052631579	-74.2950755058	-0.128618939664	479.0248432
0.052631579	-72.7397735682	-0.119776220797	462.932990408
0.052631579	-70.7708691945	-0.0891489265	429.958190022
0.052631579	-68.4169259231	-0.075470944	369.734918759
0.052631579	-66.6390666886	-0.031155827	331.945032974
0.052631579	-64.9979658568	0.053923572	323.699966985
0.052631579	-58.02787531	0.104902688	482.8047041
0.052631579	-52.0264971	0.102660671	430.5352996
0.052631579	-45.0480354	0.106520933	390.5055598
0.052631579	-34.54863068	0.113605379	345.6488087
0.052631579	-28.40285304	0.118000138	316.7729223
0.052631579	-20.62316983	0.121429422	295.8343415
0.052631579	-14.53121987	0.122917576	292.8439799
0.052631579	-7.946358944	0.123886325	309.2705407
0.052631579	9.779711312	0.124996077	275.797944
0.052631579	20.99191598	0.122348073	224.7124414
0.052631579	30.67606421	0.119745235	186.6036922
0.052631579	40.00629411	0.115091482	148.0234995
0.052631579	49.93053022	0.110989967	97.52868045
0.052631579	59.98816428	0.103555477	47.81539679
0.052631579	62.37915538	0.101829568	33.62819808
0.052631579	64.99966951	0.099942641	17.59422556
0.052631579	67.41242894	0.097729309	0.93094121
0.052631579	69.90825037	0.094165101	-18.99234699
0.052631579	72.4946669	0.089365835	-44.4239716
0.052631579	75.27928018	0.081444679	-77.10389031
0.052631579	77.39444532	0.071815999	-107.2130693
0.052631579	79.0465981	0.060134257	-136.4212433
0.052631579	80.04015575	0.045932498	-163.3321681
0.052631579	77.52327007	-0.017175543	-238.2276518
0.052631579	76.93809631	-0.034435076	-266.9406472
0.052631579	77.28843631	-0.040214132	-279.796976
0.052631579	78.162908	-0.049140963	-304.1838052
0.052631579	82.58458286	-0.080622528	-402.7710418
0.052631579	87.89423883	-0.103905849	-500.3659242
0.052631579	93.70641752	-0.125573914	-608.6310317
0.052631579	106.1853661	-0.167912996	-854.1561719
0.052631579	124.9672094	-0.220545483	-1262.54754
0.052631579	125.6613463	-0.22250236	-1279.19545
0.026315789	-117.397413242	-0.0710851706136	1276.31139993
0.026315789	-98.7750660253	-0.047263656	832.858525584
0.026315789	-93.8286209817	-0.041166689	739.072810495
0.026315789	-86.56352935	-0.032128188	583.8475494
0.026315789	-78.9934474887	-0.0384232072262	471.113624528
0.026315789	-74.1255821547	-0.031349032133	368.184450405
0.026315789	-72.6932357078	-0.0278119445865	342.025388992
0.026315789	-70.7581128372	-0.0172459066587	314.546388671
0.026315789	-69.0174025174	-0.00536130219915	292.789769949
0.026315789	-66.9443066691	0.00652330226037	243.348316455
0.026315789	-65.21934937	0.026961786	252.8276514
0.026315789	-58.02787531	0.052451344	426.9569454
0.026315789	-52.0264971	0.051330336	359.4402384
0.026315789	-45.0480354	0.053260467	312.4929147
0.026315789	-34.54863068	0.056802689	243.0366769
0.026315789	-28.40285304	0.059000069	195.7741672
0.026315789	-20.62316983	0.060714711	158.9684187
0.026315789	-14.53121987	0.061458788	147.5593258
0.026315789	-7.946358944	0.061943162	153.1722541
0.026315789	9.779711312	0.062498039	128.5525635
0.026315789	20.99191598	0.061174037	98.53214454
0.026315789	30.67606421	0.059872618	67.52724151
0.026315789	40.00629411	0.057545741	37.44164142
0.026315789	49.93053022	0.055494983	3.650597388
0.026315789	59.98816428	0.051777739	-37.93015759
0.026315789	62.37915538	0.050914784	-53.33492819
0.026315789	64.99966951	0.04997132	-65.45326157
0.026315789	67.41242894	0.048864654	-79.49720109
0.026315789	69.90825037	0.047082551	-98.18136912
0.026315789	72.4946669	0.044682918	-124.5528641
0.026315789	75.27928018	0.04072234	-152.4872282
0.026315789	77.39444532	0.025135599	-182.9284351
0.026315789	75.07399951	-0.017175543	-238.2276518
0.026315789	74.70139111	-0.034435076	-266.9406472
0.026315789	76.57908865	-0.049140963	-304.1838052
0.026315789	82.03827621	-0.075261947	-381.3111367
0.026315789	87.89423883	-0.095530751	-484.2410033
0.026315789	93.70641752	-0.110032276	-571.1872294
0.026315789	106.1853661	-0.137737634	-760.5467983
0.026315789	124.9672094	-0.175847746	-1086.562532
0	-120.235474144	0.000374716329203	313.956533536
0	-109.31937354	0	316.992321096
0	-101.580431603	0	318.510214876
0	-95.8600893022	0	306.367064636
0	-90.3082810546	-0.000205363278829	297.259701955
0	-83.4102513825	-0.000205363278829	277.527082813
0	-79.5407071642	-0.000205363278829	265.383932573
0	-75.4040705006	-0.000141171132746	256.276569892
0	-71.7143580846	-5.64682585493e-05	242.615525871
0	-65.0865413373	0.000112937489845	236.543950751
0	-56.8281650134	0	297.259701955
0	-51.6126923714	0	307.884958416
0	-46.0607376234	0	297.259701955
0	-35.4615512863	0	236.543950751
0	-28.40285304	0	195.7741672
0	-20.62316983	0	158.9684187
0	-14.53121987	0	147.5593258
0	-7.946358944	0	153.1722541
0	9.779711312	0	128.5525635
0	20.99191598	0	98.53214454
0	30.67606421	0	67.52724151
0	40.00629411	0	37.44164142
0	49.93053022	0	3.650597388
0	59.98816428	0	-37.93015759
0	62.37915538	0	-53.33492819
0	64.99966951	0	-65.45326157
0	67.41242894	0	-79.49720109
0	69.90825037	0	-98.18136912
0	72.4946669	0	-124.5528641
0	75.27928018	0	-152.4872282
0	77.39444532	0	-182.9284351
0	75.07399951	0	-238.2276518
0	74.70139111	0	-266.9406472
0	76.57908865	0	-304.1838052
0	82.03827621	0	-381.3111367
0	87.89423883	0	-484.2410033
0	93.70641752	0	-571.1872294
0	106.1853661	0	-760.5467983
0	124.9672094	0	-1086.562532
</list>
